6072 -2.0948000000000206 42.738
6073 -1.3677999999999884 41.766
6289 -0.6982800000000111 42.752
6290 1.0018e-05 41.773
6291 0.67012 40.786
6515 1.3678 41.766
6075 1.0018e-05 39.797
6740 2.0948 42.738
6741 2.7354 41.746
6969 2.8524 43.701
6970 3.4907 42.71
6968 2.186 44.685
7207 3.6427 44.654
7206 2.9789 45.637
7444 4.4672 45.597
7445 5.0983 44.608
7687 5.3279 46.53
7446 5.702 43.612
7939 6.2267 47.452
8192 7.7785 47.375
8446 8.7525 48.274
8707 10.334 48.168
8967 11.386 49.04
8968 11.912 48.044
9223 12.485 49.897
9224 12.997 48.902
9225 13.484 47.902
9491 14.129 49.744
9492 14.601 48.745
9493 15.05 47.743
9767 15.765 49.572
9494 15.478 46.736
9227 14.392 45.89
8970 12.891 46.038
9228 14.815 44.877
9229 15.22 43.86
9496 16.278 44.711
8973 14.201 42.994
9497 16.652 43.692
9772 17.736 44.529
8712 12.792 43.134
8713 13.22 42.112
8974 14.6 41.97
9773 18.079 43.509
10053 19.188 44.331
8451 11.379 43.259
8452 11.837 42.24
8711 12.344 44.15
8714 13.63 41.086
8975 14.982 40.943
9774 18.406 42.485
8450 10.901 44.272
8976 15.349 39.91
9232 16.332 40.784
10055 19.799 42.286
8195 9.4539 44.379
8449 10.4 45.281
8977 15.7 38.874
9233 16.672 39.75
10056 20.085 41.258
10348 20.916 43.098
10349 21.186 42.073
7942 8.0043 44.471
8194 8.9208 45.383
8716 14.763 37.982
8978 16.037 37.833
9234 16.998 38.712
10057 20.358 40.227
10350 21.445 41.046
10641 22.326 42.87
10642 22.568 41.846
8454 13.486 38.118
8455 13.857 37.076
8717 15.11 36.938
10058 20.621 39.191
10351 21.692 40.014
10643 22.8 40.819
10919 23.729 42.628
10920 23.944 41.605
10352 21.93 38.979
10644 23.022 39.788
11182 25.125 42.371
11183 25.314 41.35
10353 22.158 37.94
10645 23.235 38.754
10060 21.114 37.109
10354 22.377 36.898
