5454 357.4747 37.779
5656 355.8977 41.711
5657 356.6502 40.746
5658 357.3734 39.772
5659 358.0686 38.788
5660 358.7373 37.797
5867 357.9899 40.773
5868 358.6866 39.791
5869 359.3562 38.801
6075 1.0018e-05 39.797
6288 358.5736 43.723
6289 359.30172 42.752
6290 1.0018e-05 41.773
6291 0.67012 40.786
6292 1.3134 39.791
6514 0.69828 42.752
6515 1.3678 41.766
6516 2.0101 40.773
6517 2.6266 39.772
6518 3.2187 38.764
6739 1.4264 43.723
6740 2.0948 42.738
6741 2.7354 41.746
6968 2.186 44.685
6969 2.8524 43.701
6970 3.4907 42.71
7206 2.9789 45.637
7207 3.6427 44.654
7208 4.2778 43.664
7443 3.807 46.58
7444 4.4672 45.597
7445 5.0983 44.608
7446 5.702 43.612
7686 4.6723 47.512
7687 5.3279 46.53
7688 5.9539 45.542
7689 6.5524 44.547
7690 8.1969 41.526
7691 8.6997 40.507
7692 9.1818 39.483
7938 5.5775 48.433
7939 6.2267 47.452
7940 6.8467 46.464
7941 7.4386 45.471
7942 8.0043 44.471
7943 9.0629 42.453
7944 9.5586 41.436
8191 7.1667 48.362
8192 7.7785 47.375
8193 8.363 46.382
8194 8.9208 45.383
8195 9.4539 44.379
8196 10.451 42.354
8197 12.207 38.242
8198 12.603 37.202
8449 10.4 45.281
8450 10.901 44.272
8451 11.379 43.259
8452 11.837 42.24
8453 12.276 41.217
8454 13.486 38.118
8455 13.857 37.076
8456 14.214 36.029
8709 11.386 46.169
8710 11.876 45.162
8711 12.344 44.15
8712 12.792 43.134
8713 13.22 42.112
8714 13.63 41.086
8715 14.401 39.021
8716 14.763 37.982
8717 15.11 36.938
8718 15.444 35.89
8969 12.412 47.043
8970 12.891 46.038
8971 13.347 45.028
8972 13.784 44.013
8973 14.201 42.994
8974 14.6 41.97
8975 14.982 40.943
8976 15.349 39.91
8977 15.7 38.874
8978 16.037 37.833
9226 13.948 46.898
9227 14.392 45.89
9228 14.815 44.877
9229 15.22 43.86
9230 15.607 42.839
9231 15.977 41.813
9232 16.332 40.784
9233 16.672 39.75
9234 16.998 38.712
9494 15.478 46.736
9495 15.888 45.725
9496 16.278 44.711
9497 16.652 43.692
9498 17.009 42.669
9499 17.678 40.612
9771 17.378 45.545
9772 17.736 44.529
9773 18.079 43.509
9774 18.406 42.485
9775 19.308 39.391
10052 18.861 45.349
10053 19.188 44.331
10054 19.5 43.311
10055 19.799 42.286
10056 20.085 41.258
10057 20.358 40.227
10058 20.621 39.191
10059 20.873 38.152
10346 20.338 45.136
10347 20.634 44.119
10348 20.916 43.098
10349 21.186 42.073
10350 21.445 41.046
10351 21.692 40.014
10639 21.808 44.908
10640 22.072 43.891
10641 22.326 42.87
10642 22.568 41.846
10643 22.8 40.819
10917 23.27 44.665
10918 23.504 43.648
10919 23.729 42.628
11179 24.508 45.418
11180 24.723 44.406
11181 24.929 43.39
11442 25.791 46.15
11443 25.983 45.142
11444 26.168 44.131
