5659
5868
5869
6075
6289
6291
6292
6512
6514
6515
6516
6517
6518
6738
6739
6740
6741
6968
6969
6970
7205
7206
7207
7208
7441
7442
7443
7444
7445
7446
7685
7686
7687
7689
7690
7691
7692
7941
7942
7943
7944
8194
8195
8196
8197
8198
8448
8449
8450
8451
8452
8453
8454
8455
8456
8709
8710
8711
8712
8713
8714
8715
8716
8717
8718
8970
8971
8972
8973
8974
8975
8976
8977
8978
9228
9229
9230
9231
9232
9233
9234
9497
9498
9499
9773
9774
9775
10054
10055
10056
10057
10058
10059
10060
10348
10349
10350
10351
10352
10641
10642
10643
10644
